# Created by Octave 4.2.1, Tue Nov 07 18:34:45 2017 GMT <unknown@unknown>
# name: i_10
# type: matrix
# rows: 400
# columns: 1
 2
 1
 2
 3
 1
 1
 1
 3
 3
 2
 1
 3
 1
 2
 1
 3
 2
 3
 1
 1
 1
 1
 1
 2
 1
 3
 1
 1
 1
 2
 1
 1
 2
 1
 1
 1
 2
 2
 2
 3
 3
 1
 1
 1
 2
 1
 1
 1
 1
 3
 1
 2
 1
 1
 1
 1
 1
 1
 1
 3
 1
 3
 1
 1
 1
 3
 3
 1
 1
 1
 1
 2
 3
 3
 1
 1
 1
 1
 1
 1
 2
 3
 1
 1
 1
 1
 1
 1
 1
 1
 1
 3
 1
 1
 1
 1
 2
 2
 1
 3
 3
 1
 2
 3
 1
 1
 1
 3
 2
 3
 1
 1
 1
 2
 2
 3
 2
 2
 3
 1
 1
 2
 3
 3
 1
 2
 1
 1
 1
 2
 2
 1
 3
 1
 1
 2
 1
 2
 2
 2
 3
 3
 2
 1
 3
 2
 3
 3
 1
 3
 2
 1
 3
 3
 3
 3
 1
 3
 1
 2
 1
 3
 1
 2
 1
 1
 1
 2
 3
 3
 1
 1
 2
 1
 1
 1
 2
 2
 1
 3
 3
 1
 3
 2
 2
 3
 3
 1
 3
 1
 2
 1
 1
 3
 1
 3
 1
 3
 1
 2
 1
 1
 3
 3
 2
 1
 3
 2
 2
 3
 1
 1
 1
 1
 1
 2
 3
 2
 3
 1
 1
 1
 2
 1
 1
 2
 1
 1
 1
 1
 3
 1
 3
 1
 2
 2
 3
 1
 2
 2
 2
 3
 1
 1
 1
 1
 1
 1
 3
 2
 2
 3
 3
 3
 2
 1
 2
 1
 3
 1
 1
 1
 2
 1
 1
 1
 1
 3
 2
 1
 2
 2
 1
 3
 1
 3
 2
 1
 3
 1
 2
 1
 3
 1
 1
 3
 1
 3
 3
 3
 2
 2
 1
 3
 1
 1
 1
 1
 1
 1
 2
 3
 2
 2
 3
 3
 1
 3
 1
 3
 2
 3
 1
 2
 1
 1
 2
 3
 2
 2
 3
 2
 2
 2
 3
 3
 3
 2
 1
 1
 3
 1
 2
 3
 1
 1
 3
 3
 1
 3
 2
 2
 2
 1
 3
 3
 3
 1
 1
 1
 2
 1
 1
 3
 3
 1
 1
 2
 1
 2
 2
 1
 2
 1
 3
 2
 3
 2
 3
 1
 1
 2
 1
 1
 1
 2
 3
 3
 3
 1
 1
 1
 2
 1
 3
 1
 1
 1
 2
 1
 2
 1
 3
 1
 2
 1
 1
 2
 2
 2


